[gd_scene load_steps=7 format=2]

[ext_resource path="res://addons/MultiMeshEdit/Demo/Meshes/WoodenPlank_01.tres" type="ArrayMesh" id=1]
[ext_resource path="res://addons/MultiMeshEdit/Demo/Materials/WoodenPlank_01.material.tres" type="Material" id=2]

[sub_resource type="MultiMesh" id=1]
color_format = 2
transform_format = 1
instance_count = 1
mesh = ExtResource( 1 )
transform_array = PoolVector3Array( 1, 0, 0, 0, 1, 0, 0, 0, 1, 0, 0, 0 )
color_array = PoolColorArray( 1, 1, 1, 1 )

[sub_resource type="SphereMesh" id=2]
radius = 0.2
height = 0.4

[sub_resource type="MultiMesh" id=3]
transform_format = 1
instance_count = 8
mesh = SubResource( 2 )
transform_array = PoolVector3Array( -0.836193, 0, -0.548435, 0, 1, 0, 0.548435, 0, -0.836193, -2.39487, 0, -0.530845, -0.622931, 0, -0.782277, 0, 1, 0, 0.782277, 0, -0.622931, 1.77073, 0, 1.59555, -0.927149, 0, 0.374693, 0, 1, 0, -0.374693, 0, -0.927149, 0.29628, 0, -1.48394, 0.934836, 0, -0.35508, 0, 1, 0, 0.35508, 0, 0.934836, -0.780081, 0, 1.51795, 0.999999, 0, -0.00122257, 0, 1, 0, 0.00122257, 0, 0.999999, 1.33251, 0, 0.7693, 0.998369, 0, 0.057098, 0, 1, 0, -0.057098, 0, 0.998369, 0.255709, 0, -1.84647, 0.926885, 0, 0.375345, 0, 1, 0, -0.375345, 0, 0.926885, 2.14218, 0, -0.0524199, 0.0887618, 0, -0.996053, 0, 1, 0, 0.996053, 0, 0.0887618, -0.395715, 0, 1.70571 )

[sub_resource type="GIProbeData" id=4]
bounds = AABB( -10, -10, -10, 20, 20, 20 )
cell_size = 0.3125
to_cell_xform = Transform( 3.2, 0, 0, 0, 3.2, 0, 0, 0, 3.2, 32, 32, 32 )
dynamic_data = PoolIntArray( 0, 7, 64, 64, 64, 1, 0, 0, 0, 0, 0, 0, 7, 0, 3, 4151, -1, -1, -1, -1, -1, -1, -1, -1, 0, 0, 8355711, 0 )
dynamic_range = 8
bias = 1.5
normal_bias = 0.0
propagation = 0.7

[node name="Demo" type="Spatial"]
__meta__ = {
"_edit_lock_": true
}

[node name="MultiMeshInstance" type="MultiMeshInstance" parent="."]
transform = Transform( 1, 0, 0, 0, 1, 0, 0, 0, 1, -0.5, 0, 0.3 )
use_in_baked_light = true
multimesh = SubResource( 1 )

[node name="MMI 2" type="MultiMeshInstance" parent="."]
use_in_baked_light = true
multimesh = SubResource( 3 )

[node name="MeshInstance" type="MeshInstance" parent="."]
transform = Transform( 0.297925, 0, -0.954589, 0, 1, 0, 0.954589, 0, 0.297925, -0.67972, 0, 0.835301 )
visible = false
mesh = ExtResource( 1 )
material/0 = ExtResource( 2 )
__meta__ = {
"_edit_lock_": true
}

[node name="OmniLight" type="OmniLight" parent="."]
transform = Transform( 1, 0, 0, 0, 1, 0, 0, 0, 1, 1, 1, -1 )
light_bake_mode = 2
shadow_enabled = true
omni_shadow_mode = 0
__meta__ = {
"_edit_lock_": true
}

[node name="GIProbe" type="GIProbe" parent="."]
subdiv = 0
dynamic_range = 8
data = SubResource( 4 )
__meta__ = {
"_edit_lock_": true
}

[node name="Camera" type="Camera" parent="."]
transform = Transform( 0.866025, -0.12941, 0.482963, 0, 0.965926, 0.258819, -0.5, -0.224144, 0.836516, 0, 1, 2 )
fov = 60.0
__meta__ = {
"_edit_lock_": true
}

[node name="Position3D" type="Position3D" parent="."]
visible = false
